002614
600103
600482
600289
600109
600722
600346
002094
002627
002190
600773
002674
002653
600449
002250
002092
600882
000617
600020
600106
600641
300197
300098
600528
002396
600027
300271
300355
600685
300303
002184
002312
601225
600257
300016
002093
600307
603126
000761
300254
300309
600022
601390
000042
300112
601003
002208
300169
002612
002432
601800
601238
000043
000930
300098
002333
600456
002375
002109
000962
600804
000652
002070
600499
600487
300015
002413
600628
002608
002483
600310
600831
000014
000876
002721
300094
600997
000869
603993
000511
603099
002561
600439
600078
600132
601179
002263
000793
600874
002458
002084
300237
600863
000609
600163
600321
002216
300330
002586
600595
601989
000895
600128
600802
002176
000025
300355
000679
002346
600299
002381
000821
600293
300304
600547
600660
002007
300027
600570
300304
300137
601668
002633
600436
600216
002038
601225
601007
300038
300295
600057
002543
600398
600487
600234
600240
600546
300279
002429
002117
600187
600846
002467
600821
600000
002182
600229
600592
002126
601998
600475
600260
300192
601107
000025
002513
600867
300393
300056
600482
300365
300265
000938
600597
601999
000957
002186
002127
300156
600880
002361
600633
000016
600479
601009
300328
000410
600340
000728
000829
002341
600582
300212
601628
600000
300335
600897
300101
300085
600198
300262
300202
002722
002569
002607
000505
002657
600195
002408
300391
600369
600393
000561
002638
300020
601798
002243
600452
600229
600132
002014
600322
002639
002095
300165
002482
300019
300187
300045
002301
603366
601018
000410
600385
300198
600826
300055
300213
600817
002353
300285
002099
600587
000680
002468
600461
000892
002588
000606
000514
600141
000997
000880
002082
600680
000933
002417
002377
600860
002188
002010
002395
002484
002659
600076
000902
002725
002069
601958
600380
601018
600229
600015
000589
600137
002666
000852
600060
600823
600519
600108
600547
000554
002036
601880
002169
000537
000030
002206
002674
300332
601186
002230
002367
600978
601789
600193
300179
000875
300090
002365
000892
300358
600050
002668
000585
600621
000952
600658
000032
600213
000537
600548
300332
000547
000681
603009
002287
300063
000700
600857
000815
000738
000725
600475
600647
000759
600557
601388
600978
002057
600118
601101
002110
000687
002193
600586
300157
002300
600375
600735
300367
002120
600303
600664
002465
000982
300050
601877
002625
300167
000100
002249
002544
002694
600281
600328
002216
600732
002478
600873
600135
002277
000711
300148
603609
600403
600356
002543
000005
002590
600415
002487
600710
000783
002215
300217
002338
600491
600615
002321
002121
000030
600825
600577
300121
600114
002466
600061
300067
300159
601398
300048
600354
601918
002166
000729
002010
600883
600505
601177
600319
002250
600117
601117
600491
600577
600252
600461
300356
000996
600088
002384
600401
000566
600033
600110
300362
002535
002361
600416
002504
600854
002186
002235
600979
002360
002036
002345
601599
002599
600150
600716
600592
002332
600459
000778
002460
600400
000521
300013
601398
002365
000520
002151
002630
000828
002441
002584
002158
300103
002300
300045
600830
000718
000973
600338
000663
002707
000917
600797
600095
600051
002159
600192
002376
601588
300031
600177
000590
600332
600187
600696
300018
002647
002639
000573
300135
000710
600806
002708
300277
600673
600599
601886
600260
300229
002497
600804
300369
000717
600033
000708
600888
600754
300176
600779
002112
600200
000701
601888
002046
300380
000727
300123
300389
002096
000918
002394
600801
600171
000876
600838
002231
000657
600654
000961
600343
000603
002684
601519
601158
600155
300199
600418
002682
002252
600587
002529
300115
002568
600351
002180
002431
600812
002501
300353
002092
000716
000795
300027
300113
600387
600561
002635
002171
002162
600241
600847
600546
000591
002105
002201
000623
000498
600714
600676
000931
002477
603168
002067
300343
300093
002323
000757
002246
600897
600063
600506
002196
002530
600219
002648
600728
601118
002460
000514
000532
002389
000507
600461
002310
600168
002715
600793
600610
002308
000790
002540
300230
002276
300299
002290
300304
300311
600529
601616
002236
600789
600227
000681
000792
002335
601377
300101
002663
001896
002627
002203
300082
002605
300268
600228
600172
000890
600701
000818
002478
600290
600104
000716
002510
002124
600888
002196
000402
002379
600270
300194
002293
000510
000939
600486
600379
600426
600572
600571
600438
000635
002594
600863
002596
600232
002202
600529
002692
002657
000401
300252
600803
002223
600422
601011
601139
300238
600859
600337
600328
